455
454
453
451
452
454
456
457
459
459
461
462
462
463
463
465
469
474
472
471
468
468
469
472
473
472
472
471
471
472
472
471
473
478
480
479
478
477
477
479
481
481
478
477
476
474
476
477
475
476
482
485
485
484
483
484
486
487
486
484
483
483
484
485
485
486
488
491
493
493
493
493
495
500
503
505
506
508
508
509
511
512
511
513
515
515
515
514
514
515
517
520
521
522
522
522
522
523
520
520
524
528
530
529
529
529
530
533
535
535
534
532
532
532
532
531
530
535
540
539
536
536
535
537
538
538
535
534
534
533
534
536
534
535
541
547
547
546
547
549
552
554
554
552
551
550
550
552
553
554
553
560
565
567
568
568
571
573
576
573
572
573
574
576
578
582
584
587
594
598
601
603
606
610
615
621
623
626
627
626
626
628
627
625
626
629
626
624
624
621
620
622
623
623
623
621
618
617
616
613
612
612
614
614
612
610
607
606
605
604
602
600
596
594
592
590
588
586
592
595
593
591
589
587
586
585
582
578
574
573
570
568
566
563
562
568
569
566
565
564
562
562
560
558
554
552
549
546
545
544
541
541
543
547
544
542
542
542
542
542
542
540
540
540
540
540
539
539
540
541
542
541
541
540
539
541
541
542
540
540
538
537
536
536
534
534
533
532
532
529
526
526
525
524
525
524
524
523
522
521
519
517
518
520
519
517
514
512
511
511
511
510
509
508
506
505
504
502
500
502
504
504
502
501
500
501
501
501
500
499
498
496
495
494
493
491
491
492
491
488
487
486
487
488
490
491
490
489
488
488
487
485
483
481
480
478
475
472
470
469
470
471
469
468
466
466
464
462
459
456
454
452
448
443
440
438
437
437
438
436
433
428
426
424
419
414
411
413
414
412
409
405
404
403
405
405
403
399
397
395
394
392
389
391
396
400
399
396
397
399
401
402
402
400
398
397
397
397
397
396
397
403
407
406
405
406
408
410
412
411
410
410
410
410
410
412
410
412
416
422
423
422
422
424
427
430
430
431
430
432
433
434
437
439
440
444
448
448
447
448
449
451
456
459
462
463
465
467
468
468
469
470
473
475
474
472
471
472
473
474
477
476
476
474
475
475
476
475
477
483
486
485
485
484
484
486
489
490
488
486
485
485
485
485
484
488
493
495
493
490
490
492
494
495
491
489
490
489
489
489
489
488
490
496
497
496
496
496
498
499
501
498
497
497
496
497
497
498
496
499
504
508
507
507
510
514
517
519
521
522
522
521
523
524
525
525
527
529
530
531
530
531
533
537
540
543
544
545
546
548
549
549
549
549
550
549
548
547
546
545
547
549
552
554
556
556
556
556
555
555
557
562
565
564
561
561
561
564
564
562
561
560
559
559
559
558
557
562
568
570
569
570
570
572
575
575
573
574
573
573
574
574
573
573
577
584
588
587
587
589
592
595
598
600
603
604
609
610
612
614
613
616
619
621
620
620
620
621
624
626
627
626
628
626
626
626
623
623
622
620
618
614
609
608
606
605
604
603
601
599
597
595
592
588
587
589
593
591
586
583
581
581
579
576
572
570
568
566
564
562
560
559
565
566
565
564
561
560
561
559
557
554
551
548
546
545
545
544
545
550
554
555
556
555
554
554
556
557
557
556
556
555
555
556
555
554
555
554
554
553
551
549
550
551
550
548
545
546
543
542
538
536
536
539
539
538
537
535
533
533
532
529
526
523
520
519
518
516
517
523
528
527
523
521
521
520
518
516
513
511
509
507
506
505
503
502
506
507
507
504
504
504
504
504
504
502
499
498
496
495
493
492
491
495
497
499
501
504
506
508
509
508
506
506
504
504
503
502
501
501
498
496
492
488
483
481
480
479
476
472
467
465
461
458
453
448
445
442
439
434
429
427
425
424
421
417
414
409
407
403
400
398
399
401
399
393
390
388
390
390
390
387
384
382
380
378
377
375
375
380
383
382
381
382
385
388
390
389
386
386
384
384
383
383
382
387
393
394
393
394
398
404
406
410
411
413
415
417
418
420
421
423
425
427
428
427
427
429
432
436
437
439
440
442
443
445
444
442
444
446
446
445
444
445
448
451
454
456
456
455
455
456
457
456
458
464
466
464
462
462
464
466
466
463
462
462
460
460
461
461
461
466
471
472
470
471
471
474
477
476
473
474
473
474
475
476
474
475
482
486
485
486
485
488
491
495
495
495
496
496
497
498
498
500
500
503
505
505
503
504
505
509
512
514
514
515
515
516
517
517
516
517
516
515
513
512
510
511
514
515
518
519
519
519
519
520
517
519
524
528
527
524
523
524
527
530
528
525
524
523
522
523
522
521
522
533
533
531
531
532
535
538
536
534
534
534
534
535
536
535
534
540
546
547
546
547
549
553
556
557
556
556
556
558
559
561
561
563
569
577
579
580
582
585
589
594
598
600
602
605
606
607
611
610
611
613
615
617
616
616
616
619
621
622
623
622
620
620
618
616
612
613
614
614
614
613
612
612
613
614
612
611
609
608
606
604
602
600
602
606
609
606
604
602
602
603
602
598
596
594
592
592
590
587
585
587
591
592
591
588
587
589
589
587
584
581
579
577
576
576
574
571
571
575
576
575
574
574
575
576
576
575
574
573
572
573
571
571
569
570
570
570
569
567
564
563
564
565
563
564
562
561
561
560
559
556
555
553
552
549
545
542
540
539
540
540
538
537
536
535
534
533
531
534
536
536
534
531
529
529
529
527
525
523
521
520
518
517
515
513
515
517
517
515
513
512
512
513
512
511
510
508
507
506
505
503
500
500
501
500
499
498
498
499
500
502
503
503
504
504
506
507
508
505
506
506
507
507
505
505
504
504
505
506
505
505
504
504
504
504
503
502
502
499
498
495
491
489
487
487
486
484
482
478
475
473
469
465
462
462
458
455
450
447
446
447
447
447
443
439
434
430
426
421
418
415
415
413
408
405
405
403
406
407
406
402
398
395
391
388
387
383
380
384
385
382
379
379
380
383
384
386
385
385
386
388
391
393
393
395
400
401
400
399
399
402
407
412
415
417
419
420
421
423
424
423
424
426
425
426
424
423
423
425
428
429
429
429
429
429
432
431
432
439
444
444
442
439
439
439
443
444
442
440
439
437
438
438
437
440
445
449
449
448
447
447
450
453
452
449
448
448
448
450
450
450
452
458
463
462
462
462
463
466
467
468
465
466
466
467
469
470
469
474
481
485
485
483
484
485
488
491
493
492
495
496
496
497
498
496
497
500
499
500
499
497
499
501
504
506
506
505
505
505
505
502
502
505
507
507
507
505
507
508
512
513
511
511
509
508
507
508
505
506
513
516
513
511
508
509
512
514
512
509
508
507
506
507
505
504
507
514
515
514
513
513
515
519
521
520
519
520
522
525
527
528
530
534
539
540
540
541
543
548
554
559
560
562
564
566
568
568
568
569
572
573
574
574
573
574
576
578
580
580
578
579
579
580
580
581
583
590
593
592
590
589
589
590
592
588
586
584
582
581
580
578
578
583
589
590
590
590
591
592
592
590
587
585
584
582
582
582
580
582
586
592
593
593
592
594
595
596
596
594
593
593
596
597
598
598
600
603
606
607
608
607
607
609
610
610
609
608
608
607
607
606
604
603
602
601
598
595
592
587
587
586
586
586
585
584
583
582
582
580
581
585
586
582
578
575
573
571
570
567
564
563
559
559
557
553
551
555
558
556
552
549
548
548
548
546
545
544
543
541
539
539
537
536
537
542
539
537
536
534
535
535
536
537
536
535
533
533
531
529
528
530
533
530
529
528
528
531
534
538
538
539
539
540
540
540
538
539
539
540
540
539
537
535
536
535
536
534
533
534
532
532
532
531
530
529
528
526
522
518
516
512
513
512
514
513
512
512
513
511
511
510
512
511
509
506
503
503
503
503
502
500
499
496
495
492
489
487
485
484
481
476
471
468
468
468
468
467
463
458
455
452
448
443
438
436
434
429
424
419
417
417
419
419
420
417
414
412
408
405
400
397
395
394
392
387
383
384
387
390
394
397
400
403
406
407
408
407
407
407
410
409
408
407
407
409
414
416
418
419
419
419
419
419
417
418
418
418
417
415
413
412
412
416
418
419
419
420
422
424
425
426
428
433
435
433
429
427
426
431
434
433
432
430
427
427
426
426
426
430
435
437
434
432
432
435
438
441
439
437
437
437
439
439
440
440
444
451
453
451
450
451
453
456
459
457
457
458
460
462
463
467
467
471
474
474
472
471
472
473
478
483
486
487
488
489
489
491
490
490
492
494
493
492
491
490
491
493
495
496
496
496
497
499
500
500
502
507
512
511
508
505
504
504
508
509
507
505
504
503
501
502
500
499
504
507
506
502
501
501
504
505
505
502
501
500
501
501
500
499
500
505
510
510
508
509
511
516
520
522
522
524
526
529
530
532
532
534
538
540
541
541
542
544
547
552
555
557
557
559
560
560
560
557
558
559
559
559
558
558
559
562
565
567
568
566
565
564
564
562
560
561
568
572
569
567
566
566
568
568
566
563
562
561
560
560
560
559
560
568
570
571
570
569
571
574
575
573
571
570
569
569
569
569
568
569
574
579
579
579
578
579
582
583
584
583
583
585
585
589
590
591
592
595
599
599
599
597
598
600
603
605
604
604
603
602
602
601
600
599
599
598
596
594
590
587
584
583
582
582
580
580
579
578
579
578
578
580
583
581
577
572
571
570
569
567
565
565
561
560
557
556
553
552
555
556
553
550
547
546
545
545
546
544
543
541
540
539
540
537
535
541
540
536
534
533
534
535
535
536
535
533
533
533
531
530
528
527
529
528
526
526
525
526
528
532
534
534
534
534
536
536
535
534
535
536
536
536
535
535
534
534
534
534
533
532
532
532
530
531
529
528
527
524
523
520
518
515
513
512
513
513
512
510
510
509
508
506
506
505
505
502
500
499
498
500
500
499
498
495
494
492
489
486
482
481
479
476
470
467
465
463
464
464
463
458
456
452
449
446
442
436
433
431
427
421
417
416
416
418
420
419
416
414
409
409
406
403
401
398
399
399
398
398
399
403
408
412
413
413
414
413
413
413
412
411
411
413
413
412
410
410
411
414
418
420
420
421
421
422
422
421
420
421
423
423
422
422
423
426
429
432
433
432
430
429
428
427
427
426
431
433
433
430
428
429
431
433
433
430
429
427
427
427
429
427
428
435
439
439
438
437
439
444
444
445
443
444
442
444
444
446
445
446
451
458
458
456
456
459
462
465
465
464
464
464
464
468
468
469
470
476
482
483
482
480
482
484
487
490
491
492
493
493
496
497
497
496
499
500
500
499
498
499
500
502
505
507
508
509
510
511
513
514
515
517
522
526
530
534
540
546
549
549
546
544
541
539
536
531
526
524
525
522
519
514
512
511
512
514
516
515
514
514
513
514
512
513
516
522
522
520
518
517
521
523
526
525
524
523
523
524
524
522
523
528
532
531
528
528
528
531
533
532
529
528
526
526
526
527
526
527
533
536
535
534
536
539
544
546
545
544
545
545
546
547
548
547
549
557
560
560
560
562
566
571
572
575
577
580
584
588
591
592
593
596
600
601
600
602
603
607
610
613
614
614
614
614
615
616
614
614
615
613
613
610
606
604
604
603
605
605
605
606
605
606
606
604
604
608
610
608
604
601
600
600
601
599
598
596
594
593
592
588
586
589
592
590
588
585
583
582
583
581
579
576
576
573
572
572
569
567
571
570
568
566
563
562
563
563
563
563
560
561
561
559
559
557
557
559
558
558
555
554
553
554
554
555
554
553
552
553
552
550
549
548
547
547
544
540
538
537
534
535
534
533
533
531
532
532
529
528
529
531
531
529
528
525
526
525
525
525
523
523
521
521
519
517
516
520
521
519
517
516
516
516
515
515
513
512
511
510
508
508
505
504
506
505
503
502
501
502
504
505
507
507
506
506
505
504
504
502
502
501
501
500
498
497
497
498
499
499
499
497
497
496
496
494
493
491
488
485
482
477
474
472
471
471
470
469
468
467
465
465
462
459
455
453
447
442
436
434
433
434
435
435
433
431
429
428
425
422
419
422
422
418
414
412
412
414
416
414
412
409
409
406
406
404
402
403
406
407
404
403
404
408
410
413
411
408
407
407
406
403
404
402
403
409
410
408
407
409
412
416
417
418
419
420
422
423
424
426
426
427
429
432
431
429
429
433
435
440
442
444
446
449
450
452
453
452
452
455
455
455
453
453
454
455
459
464
464
465
463
465
465
467
465
465
470
476
474
472
469
469
473
475
475
472
472
470
471
471
472
471
470
474
479
480
476
475
475
477
480
480
477
476
476
476
477
476
476
474
478
483
484
482
481
481
483
484
487
485
484
485
484
485
486
488
485
488
492
494
493
491
490
492
495
498
500
500
501
504
505
506
506
506
509
510
510
510
510
510
512
515
518
519
520
520
519
518
518
516
514
517
522
524
523
522
524
526
530
532
532
533
532
531
531
532
531
532
534
539
542
539
537
538
539
542
544
542
540
540
539
539
539
539
538
540
547
549
548
546
546
549
553
555
554
552
552
553
553
554
554
553
555
562
566
566
566
567
569
571
575
575
574
574
573
574
576
577
578
579
583
591
594
594
596
597
601
604
606
606
608
608
609
611
613
612
612
614
616
617
616
615
615
616
618
620
622
621
621
620
620
616
613
611
610
609
607
604
602
600
599
599
600
601
599
600
597
595
594
592
591
593
598
598
594
590
589
587
586
584
581
579
577
575
573
571
569
566
568
571
571
568
565
564
564
565
563
562
560
557
557
555
554
552
549
549
552
552
550
547
547
547
545
545
544
544
544
543
545
544
545
543
544
546
547
545
544
542
542
543
544
545
544
544
542
542
543
541
541
539
541
538
538
534
532
531
530
528
527
525
524
522
520
520
518
518
518
521
522
519
516
514
514
514
514
512
512
511
509
508
506
503
502
503
505
503
502
501
500
501
501
502
501
499
497
495
494
493
490
488
486
487
486
484
482
482
483
485
486
486
484
482
482
480
480
480
479
477
477
476
472
469
468
466
467
465
463
462
459
456
453
451
446
445
441
438
435
430
428
426
426
428
429
427
426
424
422
418
413
407
404
406
406
401
399
396
395
395
398
396
394
391
390
388
387
385
385
388
392
392
391
390
391
393
396
398
393
393
390
391
390
389
390
394
400
402
401
402
406
407
412
416
416
416
418
420
421
423
424
425
428
431
432
431
431
432
436
442
445
446
449
450
450
453
453
451
450
453
452
453
451
450
452
456
460
462
462
463
463
463
462
463
463
465
471
474
471
470
469
471
474
476
474
471
470
470
471
470
470
469
473
478
480
478
477
478
480
483
483
482
480
478
478
479
480
479
479
481
487
489
489
489
488
490
493
495
496
496
496
498
498
499
500
499
503
504
504
504
502
503
506
509
513
515
516
517
517
519
519
518
517
518
518
518
516
513
512
514
516
520
522
524
524
526
525
526
525
524
529
534
534
530
529
529
532
534
534
532
531
530
528
527
527
524
525
529
533
532
531
530
532
535
538
540
537
536
537
537
537
538
537
537
542
548
550
548
549
552
555
560
562
562
564
567
570
573
576
579
580
584
588
589
590
591
593
596
602
606
608
609
610
611
612
613
614
613
613
614
615
614
612
610
609
610
609
608
607
606
605
606
606
606
605
607
612
613
610
607
603
603
604
603
602
600
598
597
595
592
590
588
592
594
595
591
588
588
588
587
587
585
582
579
578
578
576
574
572
573
577
578
575
573
571
571
572
572
571
569
566
565
565
564
562
561
560
563
566
565
563
562
562
565
564
567
565
564
563
562
562
562
560
561
562
561
560
559
557
556
555
557
555
555
553
552
550
548
546
544
541
542
542
541
539
540
539
539
539
538
538
536
535
534
534
532
529
529
532
533
532
528
526
525
526
525
523
522
521
519
519
518
516
515
516
517
518
516
514
513
512
513
513
514
513
512
512
511
510
508
506
503
504
504
503
502
501
502
504
508
509
511
512
511
511
512
510
510
510
509
509
508
507
506
504
504
504
502
501
500
498
498
497
496
494
492
490
487
484
479
474
471
469
466
465
465
463
461
460
458
456
450
445
446
444
439
433
427
426
428
430
427
424
420
416
413
409
404
400
397
396
395
391
386
385
385
389
391
390
387
384
382
380
379
377
375
375
380
382
380
379
379
380
386
387
388
386
386
386
386
386
387
386
389
394
396
397
397
399
403
408
412
415
416
419
421
421
425
425
426
428
429
431
429
429
429
431
433
438
441
441
444
445
446
446
445
446
449
451
451
450
449
451
452
456
458
457
456
454
456
456
455
455
457
463
468
466
464
462
462
464
468
467
465
465
465
466
465
466
464
467
472
477
475
473
473
474
478
479
477
476
477
477
478
477
479
478
478
485
490
488
487
486
488
492
494
493
491
492
493
494
496
497
497
499
505
510
508
506
504
506
509
513
515
516
518
519
520
522
523
522
523
526
527
526
526
526
527
531
535
537
539
540
540
540
539
536
534
535
538
538
536
535
535
538
541
546
546
546
544
542
542
543
541
541
544
549
549
546
543
543
545
547
548
546
543
542
542
541
541
539
538
542
547
547
546
543
545
547
550
551
550
549
549
549
550
550
549
550
554
560
561
559
559
561
564
567
567
568
567
569
569
572
576
577
581
585
591
594
595
594
595
600
603
606
608
609
610
612
613
613
612
612
613
613
613
611
611
610
611
613
613
612
611
607
605
602
600
596
595
600
604
603
602
599
597
597
596
595
594
590
588
585
584
583
580
580
585
588
584
580
578
577
577
576
574
572
570
568
566
565
563
561
561
566
567
564
561
561
560
561
561
559
558
556
555
553
551
550
548
547
553
552
551
550
550
552
554
557
557
558
556
555
555
555
555
553
553
555
553
554
552
551
552
552
554
554
553
552
552
551
551
551
549
547
547
544
542
538
534
532
531
531
531
533
532
530
530
529
528
526
527
529
530
527
525
526
523
524
524
524
520
519
518
516
514
513
511
512
512
511
510
509
508
508
509
509
509
508
507
505
504
503
501
500
498
498
497
495
494
493
494
496
497
497
497
496
496
496
495
493
491
489
487
485
482
479
478
477
477
477
476
474
472
470
469
467
463
460
457
455
453
449
444
443
441
440
439
434
431
427
423
418
416
413
413
416
416
412
407
404
401
403
404
403
399
396
394
391
389
386
385
386
390
390
386
384
384
385
387
388
386
384
383
382
381
382
380
380
384
390
389
387
386
388
391
393
396
394
394
394
393
394
394
395
395
400
405
408
406
406
408
410
413
416
418
423
425
428
431
433
435
436
438
442
443
442
443
444
446
451
455
459
461
463
463
465
467
466
467
469
470
470
468
466
465
466
467
469
472
472
475
475
478
478
477
479
484
487
486
481
480
480
482
484
483
480
479
478
477
477
478
477
479
484
489
487
485
487
488
490
490
488
488
487
488
487
489
487
488
494
498
498
496
495
497
500
502
503
502
502
504
506
508
509
510
511
516
517
517
515
516
518
522
527
530
531
532
534
536
536
537
536
539
539
541
540
538
537
537
538
539
539
540
539
540
541
543
543
544
550
555
556
553
551
549
550
553
552
550
549
548
546
545
544
543
543
548
553
552
551
550
550
552
552
552
550
548
548
548
547
549
548
549
556
560
560
559
559
561
563
563
563
561
560
561
562
563
563
564
565
573
579
582
582
584
586
590
592
595
596
597
599
602
604
606
606
608
610
611
611
610
610
611
613
614
614
614
614
614
613
611
607
605
604
605
604
603
601
602
601
602
601
600
597
593
590
588
586
584
583
589
592
593
588
586
584
584
582
580
575
574
572
571
569
568
565
565
571
573
573
570
568
568
568
567
565
563
560
558
557
556
555
552
552
557
560
558
558
557
557
558
560
560
560
559
558
558
557
557
556
557
558
557
557
557
554
554
556
557
556
556
557
557
555
555
555
553
553
553
552
549
545
543
540
539
537
536
534
532
531
530
530
529
528
531
534
534
532
532
529
528
528
526
523
521
519
517
515
514
511
511
513
515
515
513
512
511
511
509
508
506
504
501
500
499
498
495
495
498
498
496
494
494
492
492
492
491
489
487
485
483
481
477
476
472
470
467
464
460
458
456
457
459
460
458
457
457
455
453
451
449
446
445
441
439
436
434
433
433
435
436
435
433
431
429
428
426
420
419
419
417
411
406
402
399
397
397
395
394
391
390
388
386
385
383
385
390
392
389
387
386
386
387
388
385
382
379
378
377
376
376
375
381
386
388
387
387
389
391
393
394
392
392
390
391
390
392
392
393
398
404
406
406
406
410
413
415
415
415
415
416
420
423
425
428
430
435
438
440
440
440
442
449
452
455
457
459
461
462
464
466
466
466
469
470
470
470
469
470
471
473
476
475
475
475
477
479
480
481
484
490
491
490
487
486
485
488
491
491
489
486
486
486
484
485
484
487
493
494
493
491
491
493
496
495
492
491
490
489
489
489
488
489
493
498
498
497
498
499
500
504
503
500
499
498
498
497
497
497
497
499
505
505
505
505
507
509
511
515
516
518
518
519
520
521
522
521
524
526
528
528
528
530
533
538
540
542
543
543
544
546
546
547
547
549
551
551
551
550
549
550
551
554
554
555
556
557
559
561
559
561
566
569
569
567
568
569
572
573
573
572
572
571
571
571
571
572
575
579
583
583
583
586
588
590
590
589
588
588
588
589
589
588
590
594
599
600
601
603
605
609
611
613
614
615
617
617
620
621
621
622
625
626
627
626
626
626
627
629
629
629
629
628
629
630
627
625
624
623
622
620
617
615
614
614
612
611
609
608
606
605
603
602
601
603
604
604
601
598
597
595
594
592
590
588
585
583
582
580
577
578
581
583
582
578
577
576
575
575
571
569
568
568
567
567
566
565
566
568
569
568
566
564
563
565
564
564
564
563
562
563
563
562
561
562
562
562
560
557
555
555
554
554
552
551
549
548
548
545
543
541
543
543
544
541
539
538
538
537
536
533
532
530
528
527
526
524
524
528
529
529
528
527
527
527
525
523
519
517
514
512
512
508
506
507
510
511
512
510
511
510
510
509
507
505
503
502
501
501
501
498
498
499
501
501
499
498
499
500
498
497
495
494
492
490
488
485
482
479
476
473
470
466
463
462
462
462
461
458
454
450
448
446
442
437
436
437
437
434
430
427
425
425
423
420
414
409
404
402
398
396
391
391
393
395
392
390
389
388
388
390
391
389
389
387
388
389
388
387
386
386
386
386
385
384
385
388
392
396
397
399
399
400
400
398
396
395
397
398
396
393
394
394
398
401
404
407
406
406
405
406
407
406
407
414
418
416
415
414
415
418
420
419
417
416
415
415
416
416
416
416
422
428
427
426
426
430
433
435
434
433
433
433
434
435
437
438
439
443
448
447
446
445
449
453
456
459
461
462
463
465
467
470
469
470
473
473
473
473
472
473
475
478
480
479
480
480
479
480
480
477
477
482
484
484
483
482
482
484
485
485
485
484
484
482
483
484
481
483
488
490
488
486
485
487
490
491
488
486
485
485
484
484
486
483
484
490
493
491
489
490
491
494
496
493
493
493
493
493
494
495
493
495
500
504
504
503
503
504
507
511
513
514
516
517
519
521
523
524
525
528
531
533
533
535
536
540
545
554
554
556
557
559
560
560
561
564
564
564
562
562
561
563
566
569
570
571
572
574
575
576
574
577
582
587
586
585
584
584
586
587
586
584
584
582
582
581
582
580
580
587
593
593
591
592
592
595
594
592
590
590
590
590
590
590
589
589
596
600
601
600
599
600
601
601
599
597
597
596
596
599
601
601
602
608
612
612
610
608
609
610
613
613
614
614
614
615
615
616
614
614
615
613
613
610
607
605
605
605
603
601
600
599
597
596
595
590
591
594
596
594
592
588
586
585
584
580
578
576
573
571
568
566
563
564
570
571
568
564
561
559
558
556
553
551
548
547
546
544
543
540
541
546
548
544
542
540
539
540
539
538
536
535
534
533
531
532
530
530
535
537
538
535
536
536
536
538
538
538
538
538
538
539
539
538
539
539
538
537
535
532
532
532
531
531
530
529
528
527
526
527
524
523
524
523
521
519
517
516
518
518
518
517
515
513
512
510
510
507
507
510
511
510
507
506
506
506
507
506
504
503
502
501
499
499
496
495
497
496
495
494
493
494
496
497
498
498
498
495
493
492
490
487
485
484
485
483
482
481
483
487
488
489
488
486
484
482
481
478
475
474
472
471
470
466
463
461
460
460
460
458
456
454
454
452
451
447
445
443
440
437
431
426
422
420
420
422
422
421
419
418
415
413
410
408
411
413
410
405
405
404
407
410
407
403
401
398
397
396
393
391
392
397
398
396
394
394
396
399
402
399
398
397
397
398
398
399
397
399
405
408
407
406
407
409
412
415
412
411
411
413
413
415
418
417
423
427
429
428
428
427
430
434
438
441
444
444
446
449
451
452
453
455
455
456
455
454
454
455
458
459
461
460
459
460
458
457
455
455
461
466
467
466
464
464
465
466
467
465
463
462
459
459
460
457
457
462
464
462
458
459
456
459
459
456
453
452
451
448
448
448
446
447
451
452
450
447
447
448
449
450
447
445
444
443
443
444
443
442
442
449
452
450
449
448
450
454
456
457
459
460
461
464
464
466
466
467
472
473
473
473
473
476
481
487
489
492
493
497
498
500
501
502
504
506
508
508
507
508
508
509
510
511
511
512
513
513
518
520
521
526
531
532
529
527
528
528
531
533
532
531
531
530
529
529
528
528
535
538
538
538
536
540
541
543
543
542
541
542
542
542
543
542
544
548
554
554
554
554
556
558
559
560
559
558
558
559
559
559
558
559
563
569
570
571
571
574
576
579
582
583
585
587
588
589
591
592
594
596
599
601
601
600
601
602
604
605
606
607
607
606
607
608
608
607
608
606
605
603
600
598
597
596
596
598
598
596
595
593
592
589
590
594
597
594
591
588
586
586
585
582
578
576
574
571
570
568
566
568
573
573
572
569
568
568
567
566
563
563
560
557
557
555
554
552
553
558
559
557
555
555
554
556
555
554
553
552
550
549
548
548
545
546
551
552
553
554
555
556
558
560
560
560
559
559
558
559
558
557
558
560
558
558
555
555
554
553
554
553
553
553
552
552
551
549
547
546
544
542
540
537
535
536
535
535
536
536
534
534
532
531
530
528
530
531
530
527
525
524
524
524
525
524
523
523
521
521
519
516
514
514
514
511
508
506
505
506
507
508
508
507
504
501
498
495
490
486
483
481
479
478
477
478
479
482
483
483
481
479
477
474
472
469
465
465
463
461
458
454
453
453
453
455
454
453
451
448
446
442
438
436
433
434
430
426
422
420
420
421
422
422
421
418
418
416
415
413
413
415
420
417
414
409
408
410
412
411
407
405
405
404
404
404
403
404
409
413
415
413
413
414
417
419
419
416
415
414
414
414
416
416
416
420
426
430
429
427
427
432
434
435
434
433
434
436
436
438
440
443
449
456
457
457
456
456
456
461
464
465
468
470
472
473
475
477
477
478
480
481
480
478
478
479
482
485
487
488
488
489
489
489
486
487
489
493
494
493
492
493
494
497
498
499
497
495
494
494
496
494
495
500
504
503
501
499
498
501
502
503
499
499
498
497
498
497
497
498
503
506
505
505
504
505
507
509
510
508
508
507
507
508
511
512
513
517
520
519
518
518
519
524
528
532
534
536
537
540
541
542
542
544
545
546
546
544
543
544
543
545
545
546
545
545
546
548
550
550
553
559
562
560
558
556
556
558
561
560
558
557
556
555
555
553
552
555
560
563
562
564
563
564
565
563
562
561
560
561
560
561
559
561
568
572
572
571
572
573
575
576
577
576
579
582
583
585
588
588
591
594
596
598
598
597
600
604
606
608
609
610
611
612
612
614
612
612
613
613
611
609
605
603
602
602
601
602
600
599
598
598
598
596
597
601
603
602
599
596
594
594
593
591
588
586
584
583
581
578
577
577
581
582
579
576
575
575
574
573
571
569
567
567
566
564
563
561
560
564
565
562
560
559
558
559
558
557
555
554
552
551
550
549
545
545
549
550
549
547
545
547
547
548
550
550
550
550
549
550
550
548
549
548
549
550
547
546
545
545
546
545
545
545
544
545
543
542
540
539
538
536
534
528
524
524
522
522
522
524
524
524
522
522
521
518
518
521
523
522
518
516
515
515
514
513
512
510
509
508
506
505
503
502
503
504
501
500
498
499
500
500
502
501
499
497
496
494
492
488
485
485
484
479
478
476
475
476
477
476
473
469
466
465
461
460
458
459
459
458
456
453
453
454
455
455
453
451
450
448
447
446
444
443
443
440
437
434
432
429
429
430
431
429
427
425
422
420
416
412
411
413
413
411
406
405
405
405
407
407
406
404
401
400
399
397
396
400
403
401
400
399
398
403
406
405
403
402
401
401
400
401
401
403
408
411
412
412
413
417
420
424
426
427
427
429
431
433
434
435
437
439
439
439
439
440
442
445
449
450
450
449
450
450
450
446
446
450
454
456
456
456
456
458
459
459
458
456
455
455
455
458
456
458
463
466
466
465
464
467
471
471
468
467
468
467
467
468
469
468
470
477
480
479
479
478
481
483
485
483
480
481
481
480
482
483
482
483
490
493
491
490
494
499
503
505
505
506
505
505
507
507
509
508
509
513
513
513
512
512
513
516
520
522
524
524
525
526
526
524
522
524
526
526
524
523
524
525
528
531
531
530
528
528
527
528
525
526
530
534
534
532
531
532
534
538
538
536
536
534
534
534
535
535
536
541
546
546
546
547
550
553
556
556
556
557
557
558
559
560
559
560
566
570
571
572
573
577
581
584
587
590
594
597
600
603
605
605
608
611
612
614
614
614
617
620
623
625
625
626
627
628
628
627
627
627
626
625
623
622
618
618
617
616
616
616
616
613
612
612
609
607
608
608
608
606
602
601
601
600
599
596
594
593
592
590
589
587
588
589
590
590
587
587
586
587
584
583
581
580
578
576
575
573
571
571
574
575
573
572
570
569
569
570
568
568
568
568
568
568
567
565
566
568
566
565
564
562
560
562
562
562
561
561
560
560
559
558
558
557
555
555
551
548
544
542
541
541
539
537
535
534
534
533
531
531
533
535
534
532
529
528
529
528
526
524
522
520
518
517
515
514
513
515
517
514
514
513
514
514
514
513
511
510
508
507
506
504
502
501
503
504
503
503
502
504
504
505
504
502
501
499
498
497
495
493
491
493
495
494
495
495
498
502
505
506
506
506
505
506
504
503
501
500
500
499
498
498
495
496
496
496
496
495
494
492
491
488
486
482
480
477
474
470
465
460
457
455
455
454
454
451
448
446
440
434
429
428
427
425
421
417
414
414
414
415
411
409
404
400
397
394
389
388
388
388
385
380
379
379
381
382
382
381
380
380
380
380
381
380
379
384
385
384
382
383
387
391
394
394
395
399
404
408
413
416
415
417
420
421
421
421
423
426
429
435
436
438
439
441
441
443
442
444
445
446
447
446
445
443
445
450
452
455
453
454
454
455
456
455
455
461
461
456
454
451
453
455
456
454
453
452
451
450
449
450
449
455
459
459
457
456
458
462
465
465
461
462
462
461
462
464
463
465
472
475
473
473
474
477
481
484
485
486
487
488
489
491
490
490
493
495
495
494
492
493
496
500
502
503
504
504
505
506
506
504
505
507
506
505
504
504
505
508
512
514
514
513
512
511
512
511
510
514
519
521
518
516
515
517
520
520
517
516
515
514
514
515
512
513
518
523
521
519
519
520
523
525
526
524
524
524
524
524
526
525
525
532
537
536
534
534
536
539
543
544
543
543
545
545
546
548
549
549
556
562
565
566
567
570
574
578
583
591
592
594
595
597
598
600
602
605
604
605
605
606
606
609
613
615
616
617
618
619
620
617
617
618
617
617
615
612
611
610
612
612
614
614
612
611
611
609
608
606
609
614
613
609
606
604
602
603
600
597
596
594
593
592
591
587
586
590
593
592
587
584
583
582
581
580
579
576
575
574
573
572
569
568
570
573
572
568
565
564
561
561
560
559
556
554
552
551
549
547
544
545
549
552
552
554
555
558
560
561
562
561
561
560
561
560
561
560
560
560
560
558
556
554
553
553
553
553
553
554
552
552
551
548
546
547
545
542
541
539
537
536
537
537
539
539
538
537
536
535
532
532
533
537
536
532
528
527
526
526
524
523
522
520
519
518
516
514
513
513
514
512
510
509
508
509
510
512
513
513
512
511
511
509
506
505
505
505
504
503
502
502
503
505
508
510
510
509
509
509
508
509
509
511
513
516
517
517
517
518
519
519
520
519
518
519
518
517
516
516
515
514
513
511
508
507
505
502
501
499
496
495
492
490
488
486
484
482
481
479
476
472
469
464
463
460
458
455
451
449
445
442
439
436
435
433
429
423
419
417
419
420
418
416
412
408
406
403
400
397
396
398
398
394
392
393
395
400
403
404
405
407
410
412
414
413
413
414
416
415
414
412
413
415
417
421
423
426
428
428
429
430
429
428
428
429
426
425
421
421
422
426
429
430
428
426
422
421
422
419
419
425
429
428
426
423
423
426
427
427
425
425
424
424
425
426
426
427
433
439
439
437
436
438
441
443
443
441
442
444
444
444
446
445
447
453
459
459
457
456
458
460
462
463
462
462
463
466
470
476
478
481
486
489
489
486
486
486
488
491
495
495
497
498
501
502
502
501
502
504
504
504
502
500
499
500
503
505
505
505
505
505
506
506
505
507
514
517
515
514
512
512
512
516
516
515
514
514
512
512
510
509
510
514
515
511
508
507
508
510
512
511
510
510
510
510
510
510
510
512
518
520
516
514
514
516
519
521
522
523
523
523
524
525
527
529
532
537
540
539
539
540
544
549
555
560
562
565
568
571
574
575
575
579
580
581
581
579
577
578
579
579
580
579
579
580
580
581
580
585
591
594
591
588
584
582
581
581
580
579
577
576
574
572
570
568
570
574
576
573
569
569
569
570
570
569
569
568
568
567
566
566
564
566
570
574
571
568
567
567
568
568
568
567
567
566
566
566
564
563
564
569
571
571
572
571
572
573
576
578
579
580
581
581
582
582
583
582
584
585
584
583
580
578
580
580
581
582
582
582
581
580
579
575
574
572
570
567
562
560
557
556
557
557
557
557
554
551
550
549
545
544
546
548
547
543
541
540
539
540
540
540
540
540
538
539
537
535
534
535
537
536
534
532
531
532
532
532
535
534
534
532
531
530
529
527
525
525
525
523
521
520
520
521
523
525
525
525
525
525
526
528
531
530
531
533
534
534
534
533
534
534
534
534
532
532
532
532
531
530
530
529
528
527
525
523
520
519
517
515
514
512
511
509
508
506
505
503
501
499
495
490
484
479
474
473
472
471
469
467
463
461
458
454
450
446
445
438
434
428
426
427
429
430
430
428
425
421
420
416
415
409
409
410
407
403
400
399
400
403
405
403
401
400
397
397
396
396
394
395
399
401
399
398
398
401
406
411
413
414
418
419
420
422
423
423
425
427
429
429
428
427
431
435
439
442
444
445
446
447
449
448
449
449
450
449
449
445
442
441
442
443
446
447
448
450
450
452
451
452
454
459
458
454
451
451
451
454
455
453
452
451
452
452
452
452
452
456
462
462
460
458
460
462
464
464
462
462
462
462
462
464
464
464
469
474
474
473
472
471
474
477
478
477
477
478
478
480
482
484
486
490
495
495
494
493
494
496
500
503
506
507
509
511
510
512
511
511
513
514
514
512
510
509
509
509
510
510
510
510
511
512
514
513
514
518
520
518
514
511
510
511
514
514
512
511
510
510
510
510
509
510
514
517
516
514
513
513
516
520
520
519
519
519
520
520
520
524
527
530
527
526
526
528
531
532
535
534
534
535
536
537
538
540
543
548
553
555
555
555
557
562
566
571
574
575
578
579
582
583
583
585
587
588
589
588
587
588
590
591
592
593
592
592
592
593
590
589
590
594
596
593
591
588
586
584
584
582
581
580
578
577
575
573
572
574
576
578
576
574
573
574
574
576
575
576
575
574
574
572
571
570
574
577
577
575
573
573
574
575
576
575
574
573
572
572
571
568
567
569
573
571
568
567
565
568
568
568
569
569
569
570
571
573
572
572
574
575
575
574
572
573
573
575
576
576
576
576
576
577
576
576
575
574
573
571
569
566
565
564
561
560
557
554
551
548
545
543
540
540
542
542
538
536
533
531
532
530
529
529
529
528
526
524
522
522
523
524
523
522
521
522
522
523
523
522
522
520
518
518
516
514
512
512
513
510
509
508
509
511
512
514
515
513
513
512
512
512
512
513
516
516
518
517
518
519
520
521
520
520
518
517
517
515
513
513
511
509
506
502
497
491
485
480
475
473
471
467
466
465
462
458
454
452
448
444
439
434
431
429
430
429
426
425
423
420
417
415
411
409
411
409
405
401
399
399
401
402
403
400
398
396
396
394
394
396
399
405
408
408
409
411
414
420
423
426
426
427
427
429
430
427
429
430
430
431
429
428
429
430
433
436
437
436
436
436
436
437
434
436
442
444
441
438
434
434
437
436
435
436
432
430
429
430
427
428
432
436
435
435
433
433
436
438
437
434
435
435
436
437
439
439
441
448
452
452
452
454
456
457
460
460
458
458
458
460
460
462
460
462
468
473
472
472
473
475
478
480
480
481
483
486
492
493
495
495
496
500
502
502
500
500
501
504
507
509
511
511
512
513
515
516
515
516
517
517
518
515
515
514
515
516
516
515
514
512
514
514
515
518
520
524
524
520
516
515
515
517
518
518
516
514
513
512
513
511
512
515
519
518
517
517
518
521
524
526
524
524
524
524
524
524
523
525
528
531
530
530
530
532
536
539
541
542
546
548
551
554
557
558
560
564
565
566
566
567
570
574
579
581
584
586
587
590
591
590
591
592
592
591
591
589
588
588
587
589
589
589
589
590
589
589
588
588
591
591
590
587
585
584
583
582
582
581
580
577
576
573
571
570
571
574
574
571
570
569
570
570
571
573
572
571
570
569
570
567
567
568
571
570
569
568
568
568
568
571
570
570
568
568
566
565
563
562
564
566
565
565
566
568
571
574
578
578
579
579
578
579
577
578
577
577
579
578
577
576
574
575
577
577
578
577
575
574
575
573
571
572
569
567
566
562
558
557
554
554
555
554
554
552
553
551
550
549
548
549
547
544
542
540
539
538
538
537
535
534
533
531
530
526
526
527
528
526
525
523
523
524
525
525
525
524
523
522
521
519
516
516
517
518
515
517
516
518
521
523
525
526
527
527
528
527
527
527
528
528
527
527
525
524
525
525
525
525
524
523
522
521
520
518
518
516
512
510
506
504
502
500
500
501
501
500
498
496
492
489
484
482
480
478
472
467
464
463
464
465
464
461
459
456
452
448
444
438
438
437
434
428
425
424
425
428
430
429
424
421
419
416
412
410
406
404
404
403
400
398
398
401
405
410
411
412
413
415
416
418
418
419
418
420
419
416
414
415
418
421
424
426
425
425
425
426
424
422
424
427
428
426
425
426
427
430
433
434
434
433
432
432
433
432
431
434
439
440
437
435
434
435
438
439
438
437
436
435
436
439
437
437
443
447
445
442
443
443
445
447
448
448
447
447
448
450
451
450
451
455
460
460
459
459
460
463
466
470
471
473
475
476
477
479
479
479
481
483
482
481
480
479
481
484
486
487
487
488
488
488
490
488
489
492
498
498
498
495
495
496
498
501
500
500
500
499
499
499
499
499
501
507
507
504
501
501
501
504
505
504
504
503
502
503
504
504
502
504
507
510
508
507
505
506
509
516
513
512
512
514
515
517
516
518
520
524
525
524
524
526
531
535
540
543
545
547
549
551
552
554
554
556
559
559
557
555
553
553
554
556
557
558
559
560
562
564
564
566
567
574
576
574
571
570
571
572
574
573
573
572
571
572
570
570
568
569
573
576
575
571
570
571
571
571
571
569
569
569
568
567
566
564
564
567
572
571
568
567
566
568
569
570
569
568
568
568
568
568
568
566
568
572
574
577
577
578
581
583
586
589
591
591
593
594
595
595
595
596
597
596
595
593
590
589
590
591
591
590
590
589
588
586
584
582
581
581
579
579
576
573
572
570
571
570
569
567
566
563
561
560
557
555
558
560
559
555
550
548
547
547
547
546
544
543
540
539
537
535
532
531
533
531
528
526
525
524
526
527
529
529
528
526
525
525
522
520
519
520
520
519
518
517
517
520
523
526
528
529
530
533
535
536
537
538
539
540
540
539
538
537
537
537
537
536
535
533
532
532
531
529
528
530
528
527
524
521
520
518
517
516
515
513
512
510
510
510
509
508
507
507
505
502
499
498
498
500
501
500
498
494
491
488
483
480
475
472
470
465
460
457
455
455
457
459
459
455
451
447
442
439
435
429
426
424
419
414
409
409
410
411
414
413
408
406
405
403
401
399
396
395
397
396
396
394
394
397
403
412
417
421
423
424
428
429
432
430
430
432
432
430
431
429
431
434
438
441
443
445
445
445
446
446
446
447
447
447
445
442
441
440
441
443
445
447
447
449
450
451
450
448
449
455
454
451
448
446
448
449
452
450
449
448
448
448
448
446
448
451
456
457
455
453
452
454
457
458
456
456
456
456
457
458
458
457
461
466
468
465
465
464
467
468
469
468
468
468
469
469
470
471
470
473
479
480
479
478
481
485
489
489
492
492
492
494
495
497
499
499
501
503
504
503
502
503
504
507
510
511
512
513
514
516
516
517
516
516
517
516
514
512
512
513
515
518
521
524
523
524
524
525
523
522
524
529
530
526
523
521
523
525
526
526
524
524
523
522
522
520
520
521
525
524
521
518
519
520
523
524
524
523
523
523
525
524
523
523
526
531
531
529
528
528
531
535
538
541
541
543
544
547
550
553
556
560
565
567
566
565
567
569
575
578
580
582
583
584
586
587
587
587
590
589
590
588
586
586
586
587
589
590
590
590
590
590
589
589
589
592
596
595
591
588
586
584
584
583
582
582
579
578
576
573
571
570
574
575
571
567
564
562
562
564
563
563
562
561
560
560
558
556
555
559
560
558
555
553
553
554
555
556
557
557
556
554
553
553
552
550
553
555
554
554
552
553
556
560
562
564
565
566
567
567
567
567
567
568
568
567
566
564
563
564
564
565
565
565
563
563
563
562
560
559
558
555
553
549
545
543
542
543
544
544
546
545
545
544
543
540
539
543
544
541
538
535
534
534
535
534
534
533
532
531
529
528
525
524
525
525
522
520
518
518
519
522
522
524
522
521
521
520
518
514
513
511
511
508
508
507
508
509
513
516
518
518
520
520
521
523
521
521
520
520
520
519
517
517
517
517
518
516
515
514
512
512
511
510
507
506
502
499
493
488
483
478
476
474
471
468
465
461
458
454
451
448
445
443
438
433
429
427
429
431
432
429
426
424
421
417
415
412
410
411
409
408
402
402
401
405
408
405
404
403
400
400
398
398
398
399
403
404
401
400
399
400
403
405
405
404
404
404
404
404
405
405
405
411
414
414
413
414
415
419
424
428
429
432
435
436
438
440
440
443
446
448
446
446
447
449
453
456
458
462
463
465
465
467
467
467
469
469
470
469
467
466
465
468
468
470
471
473
473
476
477
477
479
484
487
486
481
480
478
480
480
480
478
476
475
474
472
473
472
472
478
479
477
475
473
475
477
478
478
477
477
478
478
482
481
481
486
489
488
486
486
487
490
491
491
491
492
491
493
493
495
495
499
504
507
506
505
505
506
510
513
516
517
518
519
520
522
522
521
522
524
525
525
523
523
524
526
527
529
530
529
530
529
529
528
528
531
537
540
539
536
535
534
535
536
536
535
534
533
532
532
530
529
531
534
535
533
530
531
532
535
537
536
537
537
537
538
537
537
537
540
545
545
544
544
545
547
550
552
554
554
554
554
556
557
557
559
562
569
571
573
574
575
579
584
587
590
592
594
596
596
599
599
600
601
601
602
602
600
599
599
600
603
602
600
599
600
597
598
594
592
592
595
596
594
591
589
590
589
587
588
586
584
582
580
578
575
573
576
577
574
571
568
566
565
566
566
566
564
563
561
561
558
555
555
555
556
554
552
550
550
552
553
555
556
555
554
553
552
551
549
548
548
550
548
548
544
544
544
547
548
549
549
550
552
552
553
553
554
555
556
556
556
555
553
555
556
558
557
558
558
556
556
555
554
554
552
551
550
547
545
542
541
540
538
538
536
535
533
532
532
532
533
534
533
530
528
526
525
524
524
525
526
525
523
522
520
518
516
514
514
512
509
507
506
506
508
511
512
511
510
510
509
506
503
502
499
496
494
491
489
490
491
494
497
499
499
497
495
494
491
486
481
476
471
466
460
458
456
456
458
461
463
465
465
466
467
465
463
459
455
452
449
446
444
442
443
445
447
447
447
446
444
444
442
438
436
433
431
429
425
421
417
415
414
412
413
411
408
409
410
410
411
411
414
416
415
411
410
409
410
413
411
410
408
406
405
403
402
402
402
406
408
406
407
405
407
409
414
413
413
411
413
413
413
415
414
415
422
423
423
422
424
426
430
431
431
431
432
432
432
434
436
434
438
444
447
446
446
447
450
453
456
458
461
464
466
468
469
472
471
474
478
479
479
478
478
479
482
484
487
488
490
490
492
492
494
493
494
495
496
495
493
491
490
490
493
494
495
496
497
500
501
503
501
504
508
508
504
502
500
501
504
505
503
502
500
499
499
499
499
497
501
505
504
501
500
501
502
505
506
505
505
506
506
507
507
508
506
508
513
514
512
512
511
514
516
519
520
519
520
521
522
522
525
526
530
535
538
538
538
539
542
547
552
556
557
560
561
562
564
564
563
565
567
567
567
565
565
566
568
570
572
573
573
572
573
573
572
569
572
576
580
578
577
574
572
572
571
571
571
568
566
564
563
561
558
559
562
563
560
558
557
558
559
561
560
560
559
558
558
558
557
555
558
562
562
562
564
566
571
573
577
579
581
583
586
588
590
593
593
595
596
596
596
594
594
594
597
597
596
597
598
596
596
595
592
591
591
591
589
587
586
585
584
584
583
583
580
577
575
572
570
567
566
569
571
569
564
562
559
559
558
558
556
554
553
553
551
549
546
546
549
549
546
542
541
541
540
541
541
541
540
539
538
536
535
533
531
533
535
534
534
534
536
540
544
545
548
548
548
549
549
549
548
549
549
548
548
546
546
543
544
544
543
543
542
541
540
539
538
536
534
533
532
529
526
525
525
525
525
526
525
525
524
523
522
520
518
519
522
520
517
514
513
513
513
514
516
515
513
513
512
511
509
507
506
504
502
500
498
498
499
501
504
507
507
506
504
503
501
498
496
491
488
485
481
478
476
476
477
481
483
483
479
476
473
471
470
469
467
465
465
463
460
459
459
460
462
462
461
460
458
457
456
453
451
448
447
445
441
438
433
430
429
429
428
426
425
422
420
420
420
418
421
425
426
422
416
414
413
414
417
417
415
411
407
406
403
400
397
398
401
400
396
393
394
395
399
401
401
401
401
401
401
401
400
399
402
412
411
413
415
416
415
416
416
418
420
421
420
423
429
432
431
430
430
432
437
440
442
447
449
467
469
470
472
469
469
469
470
473
476
480
481
482
485
486
487
488
487
488
491
490
491
488
484
496
495
494
496
498
500
500
500
505
507
503
500
496
495
495
499
498
497
495
494
492
492
492
490
499
493
493
494
497
497
496
496
496
498
497
497
495
496
500
503
500
498
496
498
501
506
508
507
516
514
512
514
517
516
513
513
516
521
527
533
536
539
542
544
547
549
550
551
555
557
557
557
575
573
574
574
575
576
577
576
575
575
575
573
570
566
565
565
566
570
572
573
573
571
571
569
578
571
566
564
564
564
566
563
562
562
561
561
559
557
557
560
564
561
556
554
552
553
556
556
562
558
557
554
554
558
560
557
555
554
555
557
560
563
564
566
569
572
574
576
576
577
581
584
585
584
583
584
587
588
589
589
588
588
588
587
588
586
585
584
584
580
577
572
568
565
564
564
565
564
564
564
565
563
562
562
566
565
562
557
554
553
552
552
551
549
548
545
545
543
541
539
540
542
541
537
535
533
532
535
535
537
537
536
534
534
533
531
530
529
531
530
527
525
524
524
526
528
531
532
531
532
532
533
534
534
534
537
538
539
538
538
539
541
543
543
543
543
544
543
544
543
541
541
541
540
539
537
534
533
531
530
528
526
524
522
521
520
518
518
518
519
519
515
513
511
511
511
512
513
514
514
513
512
510
507
503
501
498
495
492
489
488
489
491
494
495
493
489
485
481
476
471
465
460
455
451
446
441
440
440
442
445
448
445
440
436
434
434
434
433
431
431
430
427
425
425
427
428
430
433
432
432
431
431
430
428
427
426
425
422
420
417
414
413
413
416
417
416
416
415
417
419
418
420
422
425
427
423
420
420
419
423
425
425
422
422
421
419
420
420
419
422
427
427
424
421
423
424
425
427
425
424
424
424
425
426
426
425
430
435
436
436
435
438
441
446
449
450
455
457
458
461
462
463
464
466
468
468
469
467
469
472
476
478
480
481
481
484
485
486
484
484
484
484
483
481
479
478
482
484
488
491
491
492
493
492
493
491
492
497
500
497
494
493
494
497
499
497
495
495
494
494
494
493
492
493
497
498
496
494
493
495
497
500
500
501
499
499
499
499
498
497
498
502
503
500
497
498
498
502
505
506
506
506
506
506
507
510
511
515
518
520
518
517
518
521
526
532
535
536
538
541
544
546
547
547
548
550
550
550
550
549
551
556
559
560
559
557
556
555
553
550
549
553
557
559
559
558
557
0
0
0
0
0
0
0